15000 1000 0.0001 50 1 10.0 1e-06 0
15000 1000 0.0001 50 1 10.0 1e-05 1
15000 1000 0.0001 50 1 10.0 0.0001 2
15000 1000 0.0001 50 1 100.0 1e-06 3
15000 1000 0.0001 50 1 100.0 1e-05 4
15000 1000 0.0001 50 1 100.0 0.0001 5
15000 1000 0.0001 50 1 1000.0 1e-06 6
15000 1000 0.0001 50 1 1000.0 1e-05 7
15000 1000 0.0001 50 1 1000.0 0.0001 8
15000 1000 0.0001 50 2 10.0 1e-06 9
15000 1000 0.0001 50 2 10.0 1e-05 10
15000 1000 0.0001 50 2 10.0 0.0001 11
15000 1000 0.0001 50 2 100.0 1e-06 12
15000 1000 0.0001 50 2 100.0 1e-05 13
15000 1000 0.0001 50 2 100.0 0.0001 14
15000 1000 0.0001 50 2 1000.0 1e-06 15
15000 1000 0.0001 50 2 1000.0 1e-05 16
15000 1000 0.0001 50 2 1000.0 0.0001 17
15000 1000 0.0001 50 3 10.0 1e-06 18
15000 1000 0.0001 50 3 10.0 1e-05 19
15000 1000 0.0001 50 3 10.0 0.0001 20
15000 1000 0.0001 50 3 100.0 1e-06 21
15000 1000 0.0001 50 3 100.0 1e-05 22
15000 1000 0.0001 50 3 100.0 0.0001 23
15000 1000 0.0001 50 3 1000.0 1e-06 24
15000 1000 0.0001 50 3 1000.0 1e-05 25
15000 1000 0.0001 50 3 1000.0 0.0001 26
15000 1000 0.0001 50 4 10.0 1e-06 27
15000 1000 0.0001 50 4 10.0 1e-05 28
15000 1000 0.0001 50 4 10.0 0.0001 29
15000 1000 0.0001 50 4 100.0 1e-06 30
15000 1000 0.0001 50 4 100.0 1e-05 31
15000 1000 0.0001 50 4 100.0 0.0001 32
15000 1000 0.0001 50 4 1000.0 1e-06 33
15000 1000 0.0001 50 4 1000.0 1e-05 34
15000 1000 0.0001 50 4 1000.0 0.0001 35
15000 1000 0.001 50 1 10.0 1e-06 36
15000 1000 0.001 50 1 10.0 1e-05 37
15000 1000 0.001 50 1 10.0 0.0001 38
15000 1000 0.001 50 1 100.0 1e-06 39
15000 1000 0.001 50 1 100.0 1e-05 40
15000 1000 0.001 50 1 100.0 0.0001 41
15000 1000 0.001 50 1 1000.0 1e-06 42
15000 1000 0.001 50 1 1000.0 1e-05 43
15000 1000 0.001 50 1 1000.0 0.0001 44
15000 1000 0.001 50 2 10.0 1e-06 45
15000 1000 0.001 50 2 10.0 1e-05 46
15000 1000 0.001 50 2 10.0 0.0001 47
15000 1000 0.001 50 2 100.0 1e-06 48
15000 1000 0.001 50 2 100.0 1e-05 49
15000 1000 0.001 50 2 100.0 0.0001 50
15000 1000 0.001 50 2 1000.0 1e-06 51
15000 1000 0.001 50 2 1000.0 1e-05 52
15000 1000 0.001 50 2 1000.0 0.0001 53
15000 1000 0.001 50 3 10.0 1e-06 54
15000 1000 0.001 50 3 10.0 1e-05 55
15000 1000 0.001 50 3 10.0 0.0001 56
15000 1000 0.001 50 3 100.0 1e-06 57
15000 1000 0.001 50 3 100.0 1e-05 58
15000 1000 0.001 50 3 100.0 0.0001 59
15000 1000 0.001 50 3 1000.0 1e-06 60
15000 1000 0.001 50 3 1000.0 1e-05 61
15000 1000 0.001 50 3 1000.0 0.0001 62
15000 1000 0.001 50 4 10.0 1e-06 63
15000 1000 0.001 50 4 10.0 1e-05 64
15000 1000 0.001 50 4 10.0 0.0001 65
15000 1000 0.001 50 4 100.0 1e-06 66
15000 1000 0.001 50 4 100.0 1e-05 67
15000 1000 0.001 50 4 100.0 0.0001 68
15000 1000 0.001 50 4 1000.0 1e-06 69
15000 1000 0.001 50 4 1000.0 1e-05 70
15000 1000 0.001 50 4 1000.0 0.0001 71
15000 1000 0.01 50 1 10.0 1e-06 72
15000 1000 0.01 50 1 10.0 1e-05 73
15000 1000 0.01 50 1 10.0 0.0001 74
15000 1000 0.01 50 1 100.0 1e-06 75
15000 1000 0.01 50 1 100.0 1e-05 76
15000 1000 0.01 50 1 100.0 0.0001 77
15000 1000 0.01 50 1 1000.0 1e-06 78
15000 1000 0.01 50 1 1000.0 1e-05 79
15000 1000 0.01 50 1 1000.0 0.0001 80
15000 1000 0.01 50 2 10.0 1e-06 81
15000 1000 0.01 50 2 10.0 1e-05 82
15000 1000 0.01 50 2 10.0 0.0001 83
15000 1000 0.01 50 2 100.0 1e-06 84
15000 1000 0.01 50 2 100.0 1e-05 85
15000 1000 0.01 50 2 100.0 0.0001 86
15000 1000 0.01 50 2 1000.0 1e-06 87
15000 1000 0.01 50 2 1000.0 1e-05 88
15000 1000 0.01 50 2 1000.0 0.0001 89
15000 1000 0.01 50 3 10.0 1e-06 90
15000 1000 0.01 50 3 10.0 1e-05 91
15000 1000 0.01 50 3 10.0 0.0001 92
15000 1000 0.01 50 3 100.0 1e-06 93
15000 1000 0.01 50 3 100.0 1e-05 94
15000 1000 0.01 50 3 100.0 0.0001 95
15000 1000 0.01 50 3 1000.0 1e-06 96
15000 1000 0.01 50 3 1000.0 1e-05 97
15000 1000 0.01 50 3 1000.0 0.0001 98
15000 1000 0.01 50 4 10.0 1e-06 99
15000 1000 0.01 50 4 10.0 1e-05 100
15000 1000 0.01 50 4 10.0 0.0001 101
15000 1000 0.01 50 4 100.0 1e-06 102
15000 1000 0.01 50 4 100.0 1e-05 103
15000 1000 0.01 50 4 100.0 0.0001 104
15000 1000 0.01 50 4 1000.0 1e-06 105
15000 1000 0.01 50 4 1000.0 1e-05 106
15000 1000 0.01 50 4 1000.0 0.0001 107
10000 1000 0.0001 50 1 10.0 1e-06 108
10000 1000 0.0001 50 1 10.0 1e-05 109
10000 1000 0.0001 50 1 10.0 0.0001 110
10000 1000 0.0001 50 1 100.0 1e-06 111
10000 1000 0.0001 50 1 100.0 1e-05 112
10000 1000 0.0001 50 1 100.0 0.0001 113
10000 1000 0.0001 50 1 1000.0 1e-06 114
10000 1000 0.0001 50 1 1000.0 1e-05 115
10000 1000 0.0001 50 1 1000.0 0.0001 116
10000 1000 0.0001 50 2 10.0 1e-06 117
10000 1000 0.0001 50 2 10.0 1e-05 118
10000 1000 0.0001 50 2 10.0 0.0001 119
10000 1000 0.0001 50 2 100.0 1e-06 120
10000 1000 0.0001 50 2 100.0 1e-05 121
10000 1000 0.0001 50 2 100.0 0.0001 122
10000 1000 0.0001 50 2 1000.0 1e-06 123
10000 1000 0.0001 50 2 1000.0 1e-05 124
10000 1000 0.0001 50 2 1000.0 0.0001 125
10000 1000 0.0001 50 3 10.0 1e-06 126
10000 1000 0.0001 50 3 10.0 1e-05 127
10000 1000 0.0001 50 3 10.0 0.0001 128
10000 1000 0.0001 50 3 100.0 1e-06 129
10000 1000 0.0001 50 3 100.0 1e-05 130
10000 1000 0.0001 50 3 100.0 0.0001 131
10000 1000 0.0001 50 3 1000.0 1e-06 132
10000 1000 0.0001 50 3 1000.0 1e-05 133
10000 1000 0.0001 50 3 1000.0 0.0001 134
10000 1000 0.0001 50 4 10.0 1e-06 135
10000 1000 0.0001 50 4 10.0 1e-05 136
10000 1000 0.0001 50 4 10.0 0.0001 137
10000 1000 0.0001 50 4 100.0 1e-06 138
10000 1000 0.0001 50 4 100.0 1e-05 139
10000 1000 0.0001 50 4 100.0 0.0001 140
10000 1000 0.0001 50 4 1000.0 1e-06 141
10000 1000 0.0001 50 4 1000.0 1e-05 142
10000 1000 0.0001 50 4 1000.0 0.0001 143
10000 1000 0.001 50 1 10.0 1e-06 144
10000 1000 0.001 50 1 10.0 1e-05 145
10000 1000 0.001 50 1 10.0 0.0001 146
10000 1000 0.001 50 1 100.0 1e-06 147
10000 1000 0.001 50 1 100.0 1e-05 148
10000 1000 0.001 50 1 100.0 0.0001 149
10000 1000 0.001 50 1 1000.0 1e-06 150
10000 1000 0.001 50 1 1000.0 1e-05 151
10000 1000 0.001 50 1 1000.0 0.0001 152
10000 1000 0.001 50 2 10.0 1e-06 153
10000 1000 0.001 50 2 10.0 1e-05 154
10000 1000 0.001 50 2 10.0 0.0001 155
10000 1000 0.001 50 2 100.0 1e-06 156
10000 1000 0.001 50 2 100.0 1e-05 157
10000 1000 0.001 50 2 100.0 0.0001 158
10000 1000 0.001 50 2 1000.0 1e-06 159
10000 1000 0.001 50 2 1000.0 1e-05 160
10000 1000 0.001 50 2 1000.0 0.0001 161
10000 1000 0.001 50 3 10.0 1e-06 162
10000 1000 0.001 50 3 10.0 1e-05 163
10000 1000 0.001 50 3 10.0 0.0001 164
10000 1000 0.001 50 3 100.0 1e-06 165
10000 1000 0.001 50 3 100.0 1e-05 166
10000 1000 0.001 50 3 100.0 0.0001 167
10000 1000 0.001 50 3 1000.0 1e-06 168
10000 1000 0.001 50 3 1000.0 1e-05 169
10000 1000 0.001 50 3 1000.0 0.0001 170
10000 1000 0.001 50 4 10.0 1e-06 171
10000 1000 0.001 50 4 10.0 1e-05 172
10000 1000 0.001 50 4 10.0 0.0001 173
10000 1000 0.001 50 4 100.0 1e-06 174
10000 1000 0.001 50 4 100.0 1e-05 175
10000 1000 0.001 50 4 100.0 0.0001 176
10000 1000 0.001 50 4 1000.0 1e-06 177
10000 1000 0.001 50 4 1000.0 1e-05 178
10000 1000 0.001 50 4 1000.0 0.0001 179
10000 1000 0.01 50 1 10.0 1e-06 180
10000 1000 0.01 50 1 10.0 1e-05 181
10000 1000 0.01 50 1 10.0 0.0001 182
10000 1000 0.01 50 1 100.0 1e-06 183
10000 1000 0.01 50 1 100.0 1e-05 184
10000 1000 0.01 50 1 100.0 0.0001 185
10000 1000 0.01 50 1 1000.0 1e-06 186
10000 1000 0.01 50 1 1000.0 1e-05 187
10000 1000 0.01 50 1 1000.0 0.0001 188
10000 1000 0.01 50 2 10.0 1e-06 189
10000 1000 0.01 50 2 10.0 1e-05 190
10000 1000 0.01 50 2 10.0 0.0001 191
10000 1000 0.01 50 2 100.0 1e-06 192
10000 1000 0.01 50 2 100.0 1e-05 193
10000 1000 0.01 50 2 100.0 0.0001 194
10000 1000 0.01 50 2 1000.0 1e-06 195
10000 1000 0.01 50 2 1000.0 1e-05 196
10000 1000 0.01 50 2 1000.0 0.0001 197
10000 1000 0.01 50 3 10.0 1e-06 198
10000 1000 0.01 50 3 10.0 1e-05 199
10000 1000 0.01 50 3 10.0 0.0001 200
10000 1000 0.01 50 3 100.0 1e-06 201
10000 1000 0.01 50 3 100.0 1e-05 202
10000 1000 0.01 50 3 100.0 0.0001 203
10000 1000 0.01 50 3 1000.0 1e-06 204
10000 1000 0.01 50 3 1000.0 1e-05 205
10000 1000 0.01 50 3 1000.0 0.0001 206
10000 1000 0.01 50 4 10.0 1e-06 207
10000 1000 0.01 50 4 10.0 1e-05 208
10000 1000 0.01 50 4 10.0 0.0001 209
10000 1000 0.01 50 4 100.0 1e-06 210
10000 1000 0.01 50 4 100.0 1e-05 211
10000 1000 0.01 50 4 100.0 0.0001 212
10000 1000 0.01 50 4 1000.0 1e-06 213
10000 1000 0.01 50 4 1000.0 1e-05 214
10000 1000 0.01 50 4 1000.0 0.0001 215
